826127455110006
826146957120053
826146965130026
826146972300018
826146983510001
826147150940061
826147150940065
826147157120138
826147158120147
826147159490005
826147165130460
826147189120137
826147189120143
826191157228037
826191157340001
826191170110047
826191170110064
826191170110066
826191170110067
826191173110042
826191452510058
826191454110058
826191459210012
826191570110005
826191652110135
826191653110284
826191654220305
826191654620010
826191655110422
826191655320077
826191655330103
826191657320076
826191659990072
826191670110122
826191670110136
826191689990060
826191847220068
826191850940158
826191852110236
826191852610054
826191853113528
826191853113874
826191853310152
826191854990127
826191854990145
826191854990363
826191854990364
826191854990484
826191854990633
826191854990655
826191856410028
826191856410029
826191856510079
826191856510312
826191857190013
826191857320168
826191858120828
826191858120829
826191858120846
826191858121031
826191858121032
826191858121041
826191858121066
826191858121085
826191858140059
826191859120015
826191859120016
826191859120017
826191859210064
826191859490011
826191859920051
826191859990098
826191870110174
826191870110176
826191870110178
826191870110194
826191870110218
826191870110222
826191870110224
826191870110227
826191870110230
826191870110231
826191872950045
826191872970022
826191872980109
826191872980121
826191872980319
826191872980370
826191872980447
826191872980448
826191872980499
826191876290012
826191879970094
826191880990006
826191889120107
826191948160054
826191952110275
826191952110514
826191953310155
826191954990314
826191954990331
826191956410010
826191957120163
826191957120182
826191957120235
826191957320127
826191957320147
826191957320266
826191958120605
826191958120635
826191959120013
826191959420009
826191970110150
826191970110155
826191979970059
826191989110033
826192152110334
826192270110013
826192452110192
826192452310008
826192452510255
826192452510256
826192452510257
826192453110237
826192453110238
826192453310224
826192455410054
826192456510364
826192456510378
826192456610081
826192458120344
826192458120442
826192458120464
826192458120467
826192458120470
826192458130055
826192459120023
826192459120024
826192459120050
826192459120051
826192459120052
826192459120055
826192459120058
826192459120059
826192459120060
826192459120070
826192459990109
826192483510018
826192544580002
826192545110000
826192552110440
826192552510221
826192552510232
826192552510236
826192553113195
826192553113419
826192553310205
826192554220101
826192554220104
826192554510046
826192555330046
826192555410002
826192555710027
826192556410099
826192556510168
826192556990107
826192556990112
826192557320343
826192557330009
826192558120187
826192558120428
826192558120544
826192558120573
826192558120593
826192558120607
826192559120075
826192559120076
826192559120077
826192559120078
826192559120079
826192559120080
826192559120081
826192559120082
826192559120100
826192559210015
826192559210051
826192559450004
826192559830025
826192559830027
826192559830036
826192559830045
826192570110135
826192570320092
826192570320093
826192572980201
826192575380049
826192575420048
826192580430061
826192580430063
826192580430067
826192582990066
826192607630004
826192645110006
826192647330008
826192652310083
826192654990066
826192654990300
826192654990344
826192655330060
826192656990002
826192657320389
826192658120195
826192658120463
826192658120468
826192658120541
826192658120546
826192670110163
826192675380016
826192679960001
826192680210037
826192680430033
826192952110204
826192952510046
826192955410013
826192955410031
826192957140006
826192957190010
826192958120227
826192958120303
826192958120305
826192959920002
826192976290007
826192989120025
826193153110773
826193153111021
826193153990125
826193156410223
826193156511064
826193156511070
826193157220191
826193158120993
826193159830017
826193186610005
826193258120093
826193270110018
826193272980050
826193353110220
826193355410009
826193357320027
826193358120381
826193358120394
826193359830046
826193359830048
826194154220000
826195372980186
826201252110128
826201252310113
826201252510080
826201253119688
826201253990025
826201253990039
826201253990048
826201253990056
826201254220084
826201254220088
826201254998116
826201254998257
826201254998259
826201255110010
826201255110031
826201255418009
826201256110013
826201257120063
826201258128164
826201258128191
826201258128203
826201258128204
826201258128206
826201258128207
826201258128318
826201258128415
826201258128509
826201258128513
826201258128522
826201258128543
826201258128545
826201258138011
826201258138013
826201259120042
826201259218009
826201259490009
826201259950000
826201259998010
826201265130020
826201265130021
826201265130040
826201265130041
826201270110056
826201270110071
826201273990000
826201289120033
826201289120042
826201653110159
826201755110002
826202247840001
826202247840002
826202247840003
826202247840004
826202247840005
826202347840001
826202347840005
826202347840008
826202347840010
826202347840011
826203170110122
826203570110067
826203770110042
826203970110013
826204170110036
826204170110043
826204370110000
826205142250002
826205142250015
826205142250023
826205142250030
826205150130011
826205151110066
826205152110467
826205152510288
826205152510292
826205152510299
826205152510302
826205153111748
826205153112793
826205154118114
826205154118291
826205154220215
826205154410015
826205154620011
826205154620052
826205154990772
826205154990797
826205154990800
826205155110028
826205155110097
826205155330209
826205155330214
826205155330258
826205155330269
826205155410075
826205155410076
826205156210069
826205156510277
826205156510278
826205156510279
826205156510280
826205156510281
826205156510283
826205156510285
826205156510286
826205156510287
826205156510305
826205156510352
826205156510354
826205156990062
826205156990067
826205156990068
826205156990071
826205156990072
826205157120095
826205157120251
826205157120269
826205157120283
826205157120339
826205157120340
826205157120342
826205157120343
826205157120344
826205157190017
826205157190049
826205157190054
826205157190056
826205157220044
826205157220203
826205157320118
826205158120194
826205158120265
826205158120331
826205158120367
826205158120375
826205158120742
826205158120745
826205158120748
826205158120752
826205158120763
826205158120764
826205158120765
826205158120766
826205158120767
826205158120768
826205158120769
826205158120770
826205158120771
826205158120772
826205158120773
826205158120774
826205158120775
826205158120776
826205158120777
826205158120778
826205158120799
826205158120808
826205158120810
826205158120813
826205158120814
826205158120817
826205158120824
826205158120825
826205158120826
826205158120832
826205158120836
826205158120929
826205158120930
826205158120931
826205158120933
826205158120934
826205158120936
826205158120948
826205158120952
826205158120953
826205158120954
826205158120955
826205158120956
826205158120957
826205158120958
826205158120961
826205158120962
826205158120963
826205158120970
826205158130095
826205158130125
826205159120139
826205159120140
826205159120142
826205159120144
826205159120146
826205159120173
826205159210018
826205159210167
826205159210178
826205159760000
826205159760005
826205159830018
826205159990034
826205165130018
826205165130019
826205165130048
826205165130051
826205170110135
826205170110313
826205170110318
826205170110320
826205172980133
826205172980146
826205175380038
826205175380070
826205179320083
826205179960031
826205179960033
826205180110032
826205180710012
826205180990004
826205181110010
826205182990059
826205189120003
826205189120070
826205189990036
826205189990037
826205189990038
826205254620041
826205255410001
826205289990003
826205358120351
826205652518047
826205670110025
826205853310079
826205854118121
826205855410005
826205855410006
826205857120032
826205858120105
826205858120282
826205858120284
826205858140061
826205954990078
826205957220006
826205958120153
826205958120155
826205958120193
826205958120197
826205958120198
826205959430021
826205959430025
826205959960001
826206152110139
826206152110283
826206152510116
826206154410021
826206154990184
826206154990213
826206154990447
826206154990617
826206155330111
826206156510737
826206157120207
826206157120208
826206157120226
826206157190007
826206157190030
826206157190031
826206157190039
826206157190040
826206158120528
826206159400000
826206170110073
826206170110077
826206170110078
826206170110097
826206170110099
826206180990011
826207154991078
826207155410006
826207156110039
826207156510733
826207457328121
826207459420009
826207472988283
826251254110006
826302155110153
826331289120004
826331750940113
826331756990023
826331759990012
826331759990049
826331850940274
826331855110002
826331970110005
826332550948056
826332550948057
826335254998014
826335459120000
826335753310294
826335753310303
826335753310334
826337151318142
826337159498358
826337550470000
826337551220000
826337554998058
826337554998078
826337558128089
826337559128038
826337559128042
826337559128082
826337580990000
826338354990055
826338358120020
826338372980008
826338754998055
826338754998057
826338757128016
826338851118001
826338853110057
826338872970005
826338959980043
826345258128163
826345458128029
826347272300001
826347272970004
826347356990009
826347358120095
826347472980012
826423256910000
826452779970009
826521548120065
826521748120028
826521748120029
826523148120002
826523748120044
826523748120045
826535148120002
826539248120002
826551258120000
826551656910009
826551658120000
826551858120000
826551858120002
826551872970014
826557641110000
826557641110001
826557641110008
826557641110009
826557675380002
826557675380004
826557675380007
826557675380008
826557675380009
826557675380010
826557675380012
826557675380013
826557675380015
826557675380022
826557675380023
826557675380026
826557675380029
826557675380030
826557675380031
826557675380032
826557675380033
826557675380034
826557675380035
826557675380036
826557675380038
826557675380041
826557675380042
826557675380043
826557675380044
826557675380046
826557675380047
826557675380048
826557675380049
826557675380059
826557675380061
826557675380062
826557675380064
826557675380069
826557675380072
826557675380073
826557675380075
826557675380076
826557675380077
826557675380078
826557675380079
826557675380081
826691655110002
826693153310020
826705057120091
826705158120034
826705356410003
826705372300001
826705372300002
826705552110043
826705552110055
826705556510000
826705556510003
826705557120007
826705558120053
826705558120059
826705559120001
826705570110006
826705570110017
826705572300008
826705572980011
826705573920000
826705582990001
826705589990012
826705781110000
826705854110003
826705865130000
826705870110005
826705956910023
826705956910025
826705970110014
826705972970002
826706158120000
826821542250041
826821550130107
826821550440002
826821551370232
826821551370241
826821554220228
826821554220230
826821554220235
826821555110051
826821555330357
826821555420051
826821556410273
826821556510568
826821556610221
826821557120671
826821558122201
826821558122202
826821572980746
826821755110024
826821758120432
826821770110078
